Name: Haifan(Peter) Chen
Student ID: 2326305
Class: Data Structure - 01


The Sum of the length of the DNA strings is: 6884
The Mean of the length of the DNA strings is: 6.884
The variance of the length of the DNA strings is: 0.678544
The Standard Deviation of the length of the DNA stings is: 0.823738

Here is the relative probability of each nucleotide: 

A:     0.24724
C:     0.253196
T:     0.25276
G:     0.246804

Here is the relative probability of each nucleotide bigram: 

AA:     0.0543289
AC:     0.0607205
AT:     0.06043
AG:     0.0656595
CA:     0.0496804
CC:     0.0615921
CT:     0.0656595
CG:     0.0525857
TA:     0.0581058
TC:     0.055491
TT:     0.0578152
TG:     0.0592679
GA:     0.0543289
GC:     0.0572342
GT:     0.0525857
GG:     0.055491
